"true_label","pred_label","correct","prob_PSA_1","prob_PSA_2","prob_PSA_3","prob_PSA_4","prob_PSA_5","prob_PSA_6","prob_PSA_7","prob_PSA_8","prob_PSA_9","prob_PSA_10"
"PSA_1","PSA_1",TRUE,0.181584126984127,0.137325396825397,0.0917785714285714,0.147642857142857,0.131507936507937,0.0736666666666667,0.0486079365079365,0.104596825396825,0.055431746031746,0.0278579365079365
"PSA_1","PSA_1",TRUE,0.271261111111111,0.266438095238095,0.0458793650793651,0.0566833333333333,0.082184126984127,0.0398230158730159,0.058115873015873,0.0828436507936508,0.0637611111111111,0.0330103174603175
"PSA_1","PSA_1",TRUE,0.503065873015873,0.150853174603175,0.151228571428572,0.00517063492063492,0.00345238095238095,0.0430055555555555,0.0390896825396825,0.0446515873015873,0.0331325396825397,0.02635
"PSA_1","PSA_1",TRUE,0.427085714285714,0.137331746031746,0.0604650793650793,0.0938142857142857,0.0694373015873016,0.047418253968254,0.0401357142857143,0.0555944444444444,0.0416357142857143,0.027081746031746
"PSA_1","PSA_1",TRUE,0.332724603174603,0.0954111111111112,0.0439388888888889,0.18144126984127,0.0791761904761905,0.0373849206349206,0.0289404761904762,0.10097619047619,0.0694261904761905,0.0305801587301587
"PSA_1","PSA_1",TRUE,0.44113253968254,0.150874603174603,0.0530666666666667,0.085565873015873,0.0759261904761905,0.0354674603174603,0.0333682539682539,0.0524420634920635,0.0498293650793651,0.0223269841269841
"PSA_1","PSA_1",TRUE,0.309755555555555,0.142009523809524,0.0330603174603174,0.233003174603175,0.0762031746031746,0.0449420634920635,0.0270642857142857,0.0686507936507936,0.0346515873015873,0.0306595238095238
"PSA_1","PSA_1",TRUE,0.539687301587302,0.118638888888889,0.0467626984126984,0.0721769841269841,0.0703571428571428,0.0293928571428571,0.0227484126984127,0.0542261904761905,0.0245119047619047,0.021497619047619
"PSA_1","PSA_1",TRUE,0.426373015873016,0.145457142857143,0.0746277777777778,0.0905690476190476,0.0469333333333333,0.0391865079365079,0.0467904761904762,0.0492952380952381,0.0475277777777778,0.0332396825396825
"PSA_1","PSA_1",TRUE,0.479092857142857,0.12937619047619,0.0431349206349206,0.0977777777777778,0.0380547619047619,0.0420928571428571,0.0225230158730159,0.0765071428571429,0.0406166666666667,0.0308238095238095
"PSA_1","PSA_1",TRUE,0.24388253968254,0.134692857142857,0.0476325396825397,0.231913492063492,0.0983222222222223,0.0533626984126984,0.0403023809523809,0.07,0.0541230158730159,0.025768253968254
"PSA_1","PSA_2",FALSE,0.161326190476191,0.419034126984127,0.289107142857143,0.0034484126984127,0.00533333333333333,0.0403269841269841,0.0267071428571429,0.0297650793650794,0.0201238095238095,0.00482777777777778
"PSA_1","PSA_2",FALSE,0.162311111111111,0.377865079365079,0.353819841269841,0.00190793650793651,0.0045,0.0255579365079365,0.0221793650793651,0.0225484126984127,0.0181246031746032,0.0111857142857143
"PSA_1","PSA_2",FALSE,0.235809523809524,0.289737301587302,0.0727896825396825,0.144289682539683,0.071284126984127,0.0550690476190476,0.0351246031746032,0.0380912698412698,0.0370238095238095,0.0207809523809524
"PSA_1","PSA_2",FALSE,0.152562698412698,0.225578571428571,0.0361214285714286,0.166404761904762,0.133530158730159,0.0326944444444444,0.0399904761904762,0.102005555555556,0.0667515873015873,0.0443603174603175
"PSA_1","PSA_2",FALSE,0.191038888888889,0.210527777777778,0.0826150793650794,0.181536507936508,0.120304761904762,0.0553079365079365,0.0353150793650794,0.043313492063492,0.047415873015873,0.0326246031746032
"PSA_1","PSA_1",TRUE,0.48575873015873,0.19515,0.205303174603175,0.00206666666666667,0.00273333333333333,0.0210238095238095,0.0406936507936508,0.0303055555555556,0.0108801587301587,0.00608492063492064
"PSA_1","PSA_2",FALSE,0.207551587301587,0.443980158730159,0.255481746031746,0.00192460317460317,0.00314285714285714,0.0244880952380952,0.0157190476190476,0.022581746031746,0.01475,0.0103801587301587
"PSA_1","PSA_1",TRUE,0.208189682539683,0.17318253968254,0.102499206349206,0.131183333333333,0.0971015873015874,0.0821492063492064,0.0451428571428571,0.0633404761904762,0.0651007936507936,0.0321103174603175
"PSA_1","PSA_8",FALSE,0.0506968253968254,0.061131746031746,0.0704365079365079,0.0959309523809524,0.133360317460317,0.0892373015873016,0.111156349206349,0.194890476190476,0.098784126984127,0.0943753968253968
"PSA_1","PSA_1",TRUE,0.273648412698413,0.152450793650794,0.0901650793650794,0.118561111111111,0.109780158730159,0.0608095238095238,0.0478420634920635,0.0751063492063492,0.0560166666666666,0.0156198412698413
"PSA_1","PSA_2",FALSE,0.190746825396825,0.356915873015873,0.326963492063492,0.00106666666666667,0.000971428571428571,0.0352722222222222,0.0357698412698413,0.027831746031746,0.0184587301587302,0.0060031746031746
"PSA_1","PSA_1",TRUE,0.48282619047619,0.132860317460317,0.158361904761905,0.00352619047619048,0.00273333333333333,0.0584428571428571,0.0450222222222222,0.0485047619047619,0.0187349206349206,0.0489873015873016
"PSA_1","PSA_2",FALSE,0.144411111111111,0.195234920634921,0.12294126984127,0.121718253968254,0.149097619047619,0.0569206349206349,0.0457388888888889,0.0809452380952381,0.0537357142857143,0.0292563492063492
"PSA_1","PSA_1",TRUE,0.432278571428572,0.304993650793651,0.158850793650794,0.00365238095238095,0.00513333333333333,0.0241420634920635,0.0183214285714286,0.0240015873015873,0.0173515873015873,0.0112746031746032
"PSA_1","PSA_2",FALSE,0.136640476190476,0.512427777777778,0.282578571428571,0.00095,0.000866666666666667,0.0224484126984127,0.0151777777777778,0.017581746031746,0.00797460317460317,0.00335396825396825
"PSA_1","PSA_2",FALSE,0.136640476190476,0.512427777777778,0.282578571428571,0.00095,0.000866666666666667,0.0224484126984127,0.0151777777777778,0.017581746031746,0.00797460317460317,0.00335396825396825
"PSA_1","PSA_2",FALSE,0.113653174603175,0.55043253968254,0.269019047619048,0.00256666666666667,0.00381666666666667,0.0158301587301587,0.0107888888888889,0.0179801587301587,0.00778809523809524,0.00812460317460318
"PSA_1","PSA_1",TRUE,0.481465079365079,0.221088888888889,0.221488095238095,0.00228253968253968,0.0046,0.0233150793650794,0.0137753968253968,0.018768253968254,0.00840555555555556,0.00481111111111111
"PSA_1","PSA_2",FALSE,0.0558563492063492,0.464059523809524,0.131573015873016,0.00231587301587302,0.00777301587301587,0.0818452380952381,0.0794857142857143,0.115452380952381,0.0349373015873016,0.0267015873015873
"PSA_1","PSA_1",TRUE,0.273640476190476,0.126419841269841,0.0826134920634921,0.135375946275946,0.124120085470085,0.0563507936507936,0.0412825396825397,0.0927166666666667,0.0424119047619047,0.025068253968254
"PSA_1","PSA_2",FALSE,0.168202380952381,0.497134920634921,0.268931746031746,0.00132142857142857,0.00364444444444444,0.0173880952380952,0.0109015873015873,0.0158015873015873,0.0100746031746032,0.00659920634920635
"PSA_1","PSA_1",TRUE,0.167096031746032,0.136286507936508,0.0975642857142857,0.132826190476191,0.165689682539683,0.100762698412698,0.0497952380952381,0.0893619047619048,0.0437214285714286,0.0168960317460317
"PSA_1","PSA_4",FALSE,0.119848412698413,0.103526984126984,0.0851047619047619,0.178913492063492,0.177176984126984,0.0830992063492063,0.0465785714285714,0.116728571428572,0.0592904761904762,0.0297325396825397
"PSA_1","PSA_5",FALSE,0.107364285714286,0.155107936507937,0.0625936507936508,0.0705293650793651,0.251749206349206,0.0692579365079365,0.0730476190476191,0.0952555555555556,0.0771214285714285,0.0379730158730159
"PSA_1","PSA_5",FALSE,0.117337301587302,0.159157142857143,0.0601277777777778,0.0866912698412699,0.194588888888889,0.0563857142857143,0.0972547619047619,0.0929984126984127,0.0879555555555556,0.0475031746031746
"PSA_1","PSA_1",TRUE,0.18694126984127,0.134309523809524,0.123130158730159,0.166409523809524,0.152553968253968,0.0548571428571428,0.0544246031746032,0.0638619047619047,0.0449103174603174,0.0186015873015873
"PSA_1","PSA_2",FALSE,0.193655555555556,0.421520634920635,0.312997619047619,0.00217142857142857,0,0.0153833333333333,0.0166896825396825,0.0228119047619048,0.00935952380952381,0.00541031746031746
"PSA_1","PSA_4",FALSE,0.145446031746032,0.159625396825397,0.0869761904761905,0.192915873015873,0.168757142857143,0.06035,0.0654492063492063,0.0697738095238095,0.0351960317460317,0.0155103174603175
"PSA_1","PSA_5",FALSE,0.0883095238095238,0.165034126984127,0.048763492063492,0.103114285714286,0.259157142857143,0.0584952380952381,0.0890309523809524,0.0964309523809523,0.056497619047619,0.0351666666666667
"PSA_1","PSA_2",FALSE,0.132519047619048,0.26335873015873,0.0588071428571428,0.049,0.197444444444444,0.0526404761904762,0.0810722222222223,0.0710428571428571,0.0640103174603174,0.0301047619047619
"PSA_1","PSA_2",FALSE,0.110534920634921,0.212354761904762,0.198485714285714,0.00526349206349206,0.00347460317460317,0.106369047619048,0.112711904761905,0.159464285714286,0.0540619047619047,0.0372793650793651
"PSA_1","PSA_5",FALSE,0.0804825396825397,0.210929365079365,0.0379674603174603,0.077234126984127,0.302711111111111,0.0583579365079365,0.078797619047619,0.0663666666666666,0.0600253968253968,0.0271277777777778
"PSA_1","PSA_1",TRUE,0.442280158730159,0.199581746031746,0.208392063492064,0.0018015873015873,0.00435873015873016,0.0356746031746031,0.0307349206349206,0.0319666666666667,0.0217134920634921,0.0234960317460317
"PSA_1","PSA_2",FALSE,0.191630158730159,0.201136507936508,0.10633253968254,0.109307936507937,0.0606825396825397,0.0684404761904762,0.0657071428571428,0.0955230158730159,0.0759349206349207,0.0253047619047619
"PSA_1","PSA_4",FALSE,0.126983333333333,0.0841222222222222,0.113780158730159,0.171750793650794,0.149049206349206,0.0671809523809524,0.0785087301587301,0.09115,0.0740325396825397,0.0434420634920635
"PSA_1","PSA_9",FALSE,0.30389126984127,0.0427984126984127,0.042331746031746,0.063402380952381,0.0502261904761905,0.0517912698412698,0.0315960317460317,0.0542682539682539,0.327016666666667,0.0326777777777778
"PSA_1","PSA_8",FALSE,0.0155238095238095,0.0713174603174603,0.0275785714285714,0.00405555555555556,0.00871904761904762,0.0798531746031746,0.136594444444444,0.273179365079365,0.212872222222222,0.170306349206349
"PSA_1","PSA_3",FALSE,0.172618253968254,0.172688095238095,0.21115873015873,0.0231690476190476,0.118270634920635,0.0812325396825397,0.0891253968253968,0.0543365079365079,0.0369952380952381,0.0404055555555556
"PSA_1","PSA_1",TRUE,0.65420873015873,0.0406690476190476,0.0962492063492064,0.0199301587301587,0.0423126984126984,0.0501039682539682,0.0397174603174603,0.0162531746031746,0.0228380952380952,0.0177174603174603
"PSA_1","PSA_2",FALSE,0.124215873015873,0.779340476190476,0.0218285714285714,0.00485555555555556,0.00790238095238095,0.0215428571428571,0.00890079365079365,0.018302380952381,0.00506666666666667,0.00804444444444444
"PSA_1","PSA_1",TRUE,0.419092857142857,0.127785714285714,0.116913492063492,0.0271047619047619,0.0697079365079365,0.0834738095238095,0.0558222222222222,0.0366984126984127,0.0384888888888889,0.0249119047619047
"PSA_1","PSA_1",TRUE,0.61704126984127,0.052402380952381,0.0412928571428571,0.00513809523809524,0.0382849206349206,0.110303174603175,0.0771912698412699,0.0166142857142857,0.0196666666666667,0.0220650793650794
"PSA_1","PSA_1",TRUE,0.439115873015873,0.289124603174603,0.0536936507936508,0.00593015873015873,0.0400626984126984,0.0686714285714286,0.0435277777777778,0.0210833333333333,0.0275,0.0112904761904762
"PSA_1","PSA_1",TRUE,0.362946031746032,0.253739682539683,0.0678738095238095,0.0174325396825397,0.0781865079365079,0.0914944444444444,0.0644849206349206,0.0170555555555556,0.0318412698412698,0.0149452380952381
"PSA_1","PSA_2",FALSE,0.220049206349206,0.252905555555556,0.141157142857143,0.0158111111111111,0.0713833333333333,0.114462698412698,0.100155555555556,0.0367753968253968,0.0289666666666667,0.0183333333333333
"PSA_1","PSA_2",FALSE,0.164443650793651,0.182735714285714,0.117565873015873,0.0302095238095238,0.119738095238095,0.135505555555556,0.103102380952381,0.0620365079365079,0.0465571428571429,0.0381055555555555
"PSA_1","PSA_1",TRUE,0.66959126984127,0.0745285714285714,0.0950690476190477,0.00816746031746032,0.0359484126984127,0.0391380952380952,0.0284587301587301,0.0157571428571429,0.0205849206349206,0.0127563492063492
"PSA_1","PSA_1",TRUE,0.546204761904762,0.104660317460317,0.0857698412698413,0.0329936507936508,0.0984873015873016,0.0344444444444444,0.0319801587301587,0.0277722222222222,0.0291492063492063,0.00853809523809524
"PSA_1","PSA_3",FALSE,0.0950976190476191,0.131866666666667,0.201276190476191,0.0221730158730159,0.0932261904761905,0.0997698412698413,0.109461111111111,0.11625,0.0861928571428572,0.0446865079365079
"PSA_1","PSA_1",TRUE,0.851676190476191,0.0185690476190476,0.0374087301587302,0.00769126984126984,0.025981746031746,0.0147619047619048,0.0191333333333333,0.00800476190476191,0.00977063492063492,0.00700238095238095
"PSA_1","PSA_1",TRUE,0.891024603174604,0.019002380952381,0.0323269841269841,0.00474920634920635,0.00937222222222222,0.0120880952380952,0.0174269841269841,0.00695,0.00458015873015873,0.00247936507936508
"PSA_1","PSA_2",FALSE,0.107456349206349,0.178569841269841,0.121481746031746,0.0221587301587302,0.133297619047619,0.13008253968254,0.0678944444444444,0.0928261904761905,0.0612626984126984,0.0849698412698413
"PSA_1","PSA_1",TRUE,0.524755555555556,0.0843365079365079,0.133552380952381,0.0180214285714286,0.0466031746031746,0.0511047619047619,0.0492650793650794,0.0415380952380952,0.0316833333333333,0.0191396825396825
"PSA_1","PSA_1",TRUE,0.534684920634921,0.110542063492064,0.07935,0.00792460317460317,0.0291468253968254,0.0777388888888889,0.0562555555555555,0.0364904761904762,0.0350880952380952,0.0327785714285714
"PSA_1","PSA_1",TRUE,0.430578571428571,0.112522222222222,0.164409523809524,0.0132603174603175,0.0381714285714286,0.076518253968254,0.0800746031746032,0.0354325396825397,0.027197619047619,0.0218349206349206
"PSA_1","PSA_2",FALSE,0.117490476190476,0.237739682539683,0.219204761904762,0.0198992063492063,0.0902523809523809,0.103704761904762,0.0523547619047619,0.0842436507936508,0.0337944444444444,0.041315873015873
"PSA_1","PSA_1",TRUE,0.550619841269841,0.10984126984127,0.066831746031746,0.0220896825396825,0.081552380952381,0.0516801587301587,0.0525396825396825,0.0124753968253968,0.0263055555555556,0.0260642857142857
"PSA_1","PSA_1",TRUE,0.550619841269841,0.10984126984127,0.066831746031746,0.0220896825396825,0.081552380952381,0.0516801587301587,0.0525396825396825,0.0124753968253968,0.0263055555555556,0.0260642857142857
"PSA_1","PSA_1",TRUE,0.372503174603175,0.119796825396825,0.133153968253968,0.0096952380952381,0.08515,0.0843253968253968,0.0638047619047619,0.0502952380952381,0.0492492063492063,0.0320261904761905
"PSA_1","PSA_1",TRUE,0.435897619047619,0.0948412698412699,0.137866666666667,0.0191222222222222,0.0581119047619048,0.101235714285714,0.0706785714285714,0.0434087301587301,0.0254150793650794,0.0134222222222222
"PSA_1","PSA_1",TRUE,0.432619841269841,0.0768730158730159,0.159281746031746,0.0133674603174603,0.0590928571428571,0.0630484126984127,0.0654484126984127,0.0441761904761905,0.0491484126984127,0.0369436507936508
"PSA_1","PSA_1",TRUE,0.603193650793651,0.0795674603174603,0.105011904761905,0.0187269841269841,0.0646849206349207,0.0371642857142857,0.0335396825396825,0.0181134920634921,0.0235,0.016497619047619
"PSA_1","PSA_1",TRUE,0.461619841269841,0.0721007936507937,0.0955904761904762,0.0205650793650794,0.0556396825396825,0.0930531746031746,0.113692063492064,0.0414373015873016,0.0271460317460317,0.0191555555555556
"PSA_1","PSA_1",TRUE,0.498479365079365,0.0835777777777778,0.111256349206349,0.0100396825396825,0.047997619047619,0.066215873015873,0.0768150793650794,0.0310380952380952,0.0362309523809524,0.0383492063492063
"PSA_1","PSA_1",TRUE,0.66179126984127,0.0568039682539683,0.0940126984126984,0.0121103174603175,0.0502420634920635,0.0468166666666666,0.0413301587301587,0.0163880952380952,0.0137396825396825,0.00676507936507936
"PSA_1","PSA_1",TRUE,0.593725396825397,0.0468674603174603,0.122126984126984,0.0157261904761905,0.0341428571428571,0.0526095238095238,0.0548039682539682,0.0358126984126984,0.0253055555555555,0.0188793650793651
"PSA_1","PSA_1",TRUE,0.653615873015873,0.0509103174603174,0.0516777777777778,0.0169547619047619,0.0179611111111111,0.0639849206349206,0.0496833333333333,0.0278849206349206,0.0319873015873016,0.0353396825396825
"PSA_1","PSA_1",TRUE,0.653615873015873,0.0509103174603174,0.0516777777777778,0.0169547619047619,0.0179611111111111,0.0639849206349206,0.0496833333333333,0.0278849206349206,0.0319873015873016,0.0353396825396825
"PSA_1","PSA_1",TRUE,0.583163492063492,0.0543293650793651,0.0866126984126984,0.0240547619047619,0.0486880952380952,0.0783111111111111,0.0539968253968254,0.028381746031746,0.0202674603174603,0.0221944444444444
"PSA_1","PSA_1",TRUE,0.820747619047619,0.0244563492063492,0.0350928571428571,0.00772380952380952,0.0269634920634921,0.0282952380952381,0.0217349206349206,0.019731746031746,0.00781190476190476,0.00744206349206349
"PSA_1","PSA_2",FALSE,0.182211904761905,0.569315079365079,0.0669865079365079,0.00464285714285714,0.0216626984126984,0.0521277777777778,0.057115873015873,0.0143134920634921,0.0118468253968254,0.0197769841269841
"PSA_1","PSA_1",TRUE,0.317911904761905,0.0742301587301587,0.171596031746032,0.0260674603174603,0.110461904761905,0.0784468253968254,0.102845238095238,0.0309738095238095,0.0470198412698413,0.0404468253968254
"PSA_1","PSA_2",FALSE,0.314697619047619,0.434099206349207,0.047965873015873,0.00952222222222222,0.0226984126984127,0.0556436507936508,0.0500626984126984,0.0100960317460317,0.0319904761904762,0.0232238095238095
"PSA_1","PSA_1",TRUE,0.414483333333333,0.0930246031746032,0.134236507936508,0.0182452380952381,0.0465071428571428,0.0750738095238095,0.0688626984126984,0.0622563492063492,0.0494047619047619,0.0379055555555555
"PSA_1","PSA_1",TRUE,0.459694444444444,0.0269579365079365,0.106743650793651,0.00947619047619047,0.0240880952380952,0.10045,0.108819047619048,0.0528603174603174,0.0610261904761905,0.049884126984127
"PSA_1","PSA_1",TRUE,0.742205555555556,0.0379293650793651,0.0937007936507937,0.0219698412698413,0.0278150793650794,0.0216690476190476,0.0298380952380952,0.00736111111111111,0.011118253968254,0.00639285714285714
"PSA_1","PSA_1",TRUE,0.506419047619048,0.0861119047619048,0.0930079365079366,0.0131365079365079,0.0297007936507937,0.114074603174603,0.0624539682539682,0.0285126984126984,0.0368888888888889,0.0296936507936508
"PSA_1","PSA_1",TRUE,0.728989682539682,0.0277222222222222,0.0773626984126984,0.0153039682539683,0.0419595238095238,0.027518253968254,0.0352468253968254,0.0155396825396825,0.0232063492063492,0.00715079365079365
"PSA_1","PSA_1",TRUE,0.728989682539682,0.0277222222222222,0.0773626984126984,0.0153039682539683,0.0419595238095238,0.027518253968254,0.0352468253968254,0.0155396825396825,0.0232063492063492,0.00715079365079365
"PSA_1","PSA_2",FALSE,0.107456349206349,0.178569841269841,0.121481746031746,0.0221587301587302,0.133297619047619,0.13008253968254,0.0678944444444444,0.0928261904761905,0.0612626984126984,0.0849698412698413
"PSA_1","PSA_1",TRUE,0.379644444444444,0.0556880952380952,0.200912698412699,0.0123936507936508,0.0351531746031746,0.0874888888888889,0.102234126984127,0.0593746031746031,0.0415357142857143,0.0255746031746032
"PSA_1","PSA_2",FALSE,0.261125396825397,0.261738888888889,0.0507690476190476,0.0173436507936508,0.125274603174603,0.124563492063492,0.071118253968254,0.0332571428571429,0.0265857142857143,0.0282238095238095
"PSA_1","PSA_1",TRUE,0.625826984126984,0.102528571428571,0.0661357142857143,0.0140761904761905,0.0354460317460318,0.0534642857142857,0.0369936507936508,0.0298023809523809,0.0177880952380952,0.0179380952380952
"PSA_1","PSA_1",TRUE,0.46806746031746,0.0609619047619047,0.161797619047619,0.031131746031746,0.107644566544567,0.0522062271062271,0.0340206349206349,0.028247619047619,0.0306261904761905,0.0252960317460317
"PSA_1","PSA_1",TRUE,0.46806746031746,0.0609619047619047,0.161797619047619,0.031131746031746,0.107644566544567,0.0522062271062271,0.0340206349206349,0.028247619047619,0.0306261904761905,0.0252960317460317
"PSA_1","PSA_2",FALSE,0.2679,0.515110317460317,0.0562206349206349,0.00606031746031746,0.0198579365079365,0.0442531746031746,0.0306579365079365,0.0253492063492063,0.0189222222222222,0.015668253968254
"PSA_1","PSA_1",TRUE,0.560434126984127,0.100568253968254,0.0950230158730159,0.0162134920634921,0.0554063492063492,0.0428388888888889,0.0642785714285714,0.0303071428571428,0.0185595238095238,0.0163706349206349
"PSA_1","PSA_1",TRUE,0.423947619047619,0.0937595238095238,0.152857142857143,0.0203214285714286,0.0538777777777778,0.0906753968253968,0.0695944444444444,0.0392539682539683,0.0342896825396825,0.0214230158730159
"PSA_1","PSA_1",TRUE,0.523633333333333,0.227819047619048,0.0664285714285714,0.00648015873015873,0.0355269841269841,0.0454174603174603,0.0394111111111111,0.0196055555555556,0.0217436507936508,0.013934126984127
"PSA_1","PSA_2",FALSE,0.17838253968254,0.419338095238095,0.0825698412698413,0.00855317460317461,0.0451444444444444,0.074115873015873,0.0571095238095238,0.0515642857142857,0.0350230158730159,0.0481992063492063
"PSA_1","PSA_1",TRUE,0.334088888888889,0.077297619047619,0.086902380952381,0.0553198412698413,0.0766055555555556,0.115040476190476,0.0627714285714285,0.0960484126984127,0.0449253968253968,0.051
"PSA_1","PSA_2",FALSE,0.156922222222222,0.572348412698413,0.0672444444444444,0.0099047619047619,0.0241738095238095,0.0608833333333333,0.0521055555555556,0.0272920634920635,0.0143071428571429,0.014818253968254
"PSA_1","PSA_2",FALSE,0.107456349206349,0.178569841269841,0.121481746031746,0.0221587301587302,0.133297619047619,0.13008253968254,0.0678944444444444,0.0928261904761905,0.0612626984126984,0.0849698412698413
"PSA_1","PSA_1",TRUE,0.699355555555556,0.0474904761904762,0.0780753968253968,0.00706904761904762,0.0238095238095238,0.0598428571428571,0.0382992063492063,0.0209428571428571,0.0167507936507937,0.00836428571428571
"PSA_1","PSA_1",TRUE,0.818723015873016,0.024868253968254,0.0554706349206349,0.00936746031746032,0.0254325396825397,0.0200063492063492,0.0220150793650794,0.00662063492063492,0.0121793650793651,0.00531666666666667
"PSA_1","PSA_1",TRUE,0.682231746031746,0.0379595238095238,0.0953126984126985,0.0228769841269841,0.0295809523809524,0.0329174603174603,0.0352119047619048,0.0148492063492063,0.0280753968253968,0.020984126984127
"PSA_1","PSA_1",TRUE,0.483370634920635,0.0803531746031746,0.121088888888889,0.0127920634920635,0.0594134920634921,0.0895761904761905,0.0574619047619047,0.0357388888888889,0.0398126984126984,0.0203920634920635
"PSA_1","PSA_1",TRUE,0.379165079365079,0.219569047619048,0.0968444444444445,0.00816269841269841,0.0459952380952381,0.0812325396825397,0.0814920634920635,0.0402079365079365,0.0263214285714286,0.0210095238095238
"PSA_1","PSA_1",TRUE,0.33457619047619,0.0738388888888889,0.145853968253968,0.0811357142857143,0.0825968253968254,0.0822063492063492,0.0550277777777778,0.0531190476190476,0.0548166666666666,0.0368285714285714
"PSA_1","PSA_1",TRUE,0.470709523809524,0.104178571428571,0.120220634920635,0.0309690476190476,0.119818253968254,0.0463738095238095,0.038831746031746,0.0214055555555556,0.0286428571428571,0.01885
"PSA_1","PSA_1",TRUE,0.341471428571428,0.110719841269841,0.156290476190476,0.0193023809523809,0.0625246031746032,0.0666753968253968,0.0792047619047619,0.0730317460317461,0.0545380952380952,0.0362412698412698
"PSA_1","PSA_1",TRUE,0.675864285714286,0.0508539682539682,0.0987444444444445,0.00975555555555556,0.0510801587301587,0.0388396825396825,0.0342690476190476,0.0106753968253968,0.0166571428571429,0.0132603174603175
"PSA_1","PSA_1",TRUE,0.3625,0.2567,0.0907404761904762,0.00622063492063492,0.0515579365079365,0.079720634920635,0.068313492063492,0.0324531746031746,0.0235650793650794,0.0282285714285714
"PSA_1","PSA_2",FALSE,0.348973809523809,0.395848412698413,0.0887325396825397,0.00879365079365079,0.054065873015873,0.0357769841269841,0.0237380952380952,0.0134833333333333,0.0147777777777778,0.0158095238095238
"PSA_1","PSA_1",TRUE,0.77560634920635,0.0335896825396825,0.0599896825396825,0.0127738095238095,0.0369436507936508,0.0221920634920635,0.0185142857142857,0.0175912698412698,0.012484126984127,0.0103150793650794
"PSA_1","PSA_1",TRUE,0.694428571428571,0.14483253968254,0.031802380952381,0.0040468253968254,0.0262492063492063,0.0356214285714286,0.0313111111111111,0.0110492063492063,0.00944365079365079,0.0112150793650794
"PSA_1","PSA_1",TRUE,0.243288095238095,0.217651587301587,0.124746031746032,0.0140396825396825,0.081502380952381,0.119713492063492,0.0911174603174603,0.0403015873015873,0.0356468253968254,0.0319928571428571
"PSA_1","PSA_1",TRUE,0.499034920634921,0.21111746031746,0.0595087301587301,0.00887936507936508,0.0686888888888889,0.0636944444444444,0.0459269841269841,0.012418253968254,0.0135015873015873,0.0172293650793651
"PSA_1","PSA_1",TRUE,0.606690476190476,0.0700325396825397,0.116361111111111,0.0113507936507936,0.0425690476190476,0.0461698412698413,0.0551333333333333,0.0141801587301587,0.0225539682539683,0.0149587301587302
"PSA_1","PSA_1",TRUE,0.458378571428571,0.126983333333333,0.0975198412698413,0.0224436507936508,0.0707563492063492,0.0879492063492063,0.0479269841269841,0.0296928571428571,0.0369396825396825,0.0214095238095238
"PSA_1","PSA_6",FALSE,0.0722595238095238,0.121788888888889,0.124962698412698,0.0356690476190476,0.117397619047619,0.15520873015873,0.0926301587301588,0.132642857142857,0.0747555555555555,0.0726849206349206
"PSA_1","PSA_1",TRUE,0.58403253968254,0.0646230158730159,0.0969134920634921,0.0159825396825397,0.0766416361416361,0.040201221001221,0.0457738095238095,0.0234412698412698,0.0288150793650794,0.0235753968253968
"PSA_1","PSA_3",FALSE,0.142652380952381,0.168105555555556,0.176736507936508,0.0272579365079365,0.129354761904762,0.0987793650793651,0.097884126984127,0.059584126984127,0.0608126984126984,0.0388325396825397
"PSA_1","PSA_1",TRUE,0.605993650793651,0.0448896825396825,0.0892071428571428,0.0224015873015873,0.023268253968254,0.0716246031746032,0.0379722222222222,0.0371333333333333,0.0344007936507936,0.0331087301587301
"PSA_1","PSA_2",FALSE,0.169964285714286,0.674634126984127,0.0311865079365079,0.00658968253968254,0.0272015873015873,0.0274174603174603,0.0285698412698413,0.0130690476190476,0.0134960317460317,0.00787142857142857
"PSA_1","PSA_1",TRUE,0.768253174603174,0.0400436507936508,0.043415873015873,0.0175071428571429,0.0155626984126984,0.0449555555555555,0.0270555555555555,0.0128222222222222,0.0170333333333333,0.0133507936507936
"PSA_1","PSA_1",TRUE,0.322629365079365,0.194185714285714,0.120839682539683,0.0137238095238095,0.0660730158730159,0.0883753968253968,0.0902111111111111,0.0401936507936508,0.0387047619047619,0.0250634920634921
"PSA_1","PSA_1",TRUE,0.467133333333334,0.0858960317460317,0.100680158730159,0.0126984126984127,0.0297738095238095,0.129750793650794,0.0780452380952382,0.0328666666666667,0.0372349206349206,0.0259206349206349
"PSA_1","PSA_1",TRUE,0.262742857142857,0.121696031746032,0.157093650793651,0.0335087301587302,0.10316746031746,0.104138888888889,0.0992253968253969,0.0387984126984127,0.0447206349206349,0.0349079365079365
"PSA_1","PSA_1",TRUE,0.771264285714286,0.0192793650793651,0.0464793650793651,0.00755952380952381,0.0143515873015873,0.0345373015873016,0.0423198412698413,0.0201706349206349,0.022881746031746,0.0211563492063492
"PSA_1","PSA_1",TRUE,0.624389682539683,0.0696373015873016,0.107884920634921,0.0161269841269841,0.0475404761904762,0.0502373015873016,0.0372428571428571,0.0173944444444444,0.0186222222222222,0.0109238095238095
"PSA_1","PSA_1",TRUE,0.441173015873016,0.141674603174603,0.140251587301587,0.0185920634920635,0.0540420634920635,0.0627325396825397,0.0603357142857143,0.0316246031746032,0.027302380952381,0.0222714285714286
"PSA_1","PSA_1",TRUE,0.375281746031746,0.0886015873015873,0.158500793650794,0.0138746031746032,0.0425936507936508,0.08735,0.0756611111111111,0.0731690476190476,0.0500833333333333,0.034884126984127
"PSA_1","PSA_1",TRUE,0.508248412698412,0.0529349206349206,0.105323015873016,0.00503730158730159,0.0254071428571429,0.105913492063492,0.0795547619047619,0.0426111111111111,0.0436238095238095,0.0313460317460317
"PSA_1","PSA_1",TRUE,0.454483333333334,0.0812333333333334,0.0751293650793651,0.0152174603174603,0.0464785714285714,0.0935277777777778,0.0927357142857143,0.0621888888888889,0.0426992063492063,0.0363063492063492
"PSA_1","PSA_1",TRUE,0.477586507936508,0.0363420634920635,0.161335714285714,0.00907380952380953,0.0282460317460317,0.0772388888888889,0.0885619047619047,0.0329,0.0506539682539682,0.0380611111111111
"PSA_1","PSA_1",TRUE,0.415653968253968,0.10333253968254,0.147013492063492,0.0183531746031746,0.133800793650794,0.0634531746031746,0.0507111111111111,0.034268253968254,0.0250595238095238,0.00835396825396826
"PSA_1","PSA_1",TRUE,0.415653968253968,0.10333253968254,0.147013492063492,0.0183531746031746,0.133800793650794,0.0634531746031746,0.0507111111111111,0.034268253968254,0.0250595238095238,0.00835396825396826
"PSA_1","PSA_2",FALSE,0.114080952380952,0.309872222222222,0.19588253968254,0.019568253968254,0.105509523809524,0.082934126984127,0.0499761904761905,0.0848420634920635,0.0181785714285714,0.0191555555555556
"PSA_1","PSA_1",TRUE,0.606323809523809,0.0484865079365079,0.110130952380952,0.0122404761904762,0.0504650793650794,0.0617563492063492,0.0526603174603174,0.0159873015873016,0.0260444444444444,0.0159047619047619
"PSA_1","PSA_6",FALSE,0.0978142857142858,0.120414285714286,0.14655873015873,0.0363690476190476,0.118560317460317,0.156746031746032,0.0896277777777778,0.124521428571429,0.0537198412698412,0.055668253968254
"PSA_1","PSA_1",TRUE,0.435726984126984,0.0589746031746032,0.0908087301587302,0.0083547619047619,0.023268253968254,0.125295238095238,0.124707142857143,0.0416888888888889,0.0455674603174603,0.0456079365079365
"PSA_1","PSA_2",FALSE,0.28949126984127,0.316297619047619,0.0981730158730159,0.0105603174603175,0.0387674603174603,0.0627539682539682,0.0694515873015873,0.0474960317460317,0.0356484126984127,0.0313603174603174
"PSA_1","PSA_1",TRUE,0.391848412698413,0.0646134920634921,0.13580873015873,0.0352984126984127,0.0783825396825397,0.0688230158730159,0.0646666666666667,0.0564769841269841,0.0552333333333333,0.0488484126984127
"PSA_1","PSA_1",TRUE,0.676301587301587,0.0388301587301587,0.100694444444444,0.0249404761904762,0.0512904761904762,0.0337,0.0287642857142857,0.00580238095238095,0.0268388888888889,0.0128373015873016
"PSA_1","PSA_8",FALSE,0.0954396825396825,0.116454761904762,0.122854761904762,0.0372777777777778,0.138035714285714,0.112810317460318,0.080668253968254,0.145361904761905,0.079068253968254,0.0720285714285714
"PSA_1","PSA_1",TRUE,0.818174603174603,0.0186634920634921,0.0327857142857143,0.00834365079365079,0.0140365079365079,0.0370825396825397,0.0310904761904762,0.0130222222222222,0.0176380952380952,0.00916269841269841
"PSA_1","PSA_2",FALSE,0.153073015873016,0.525316666666667,0.103199206349206,0.00908809523809524,0.0339722222222222,0.0539531746031746,0.0430031746031746,0.0301420634920635,0.0187563492063492,0.0294960317460317
"PSA_1","PSA_1",TRUE,0.842279365079365,0.0106277777777778,0.0248952380952381,0.00444603174603175,0.0113912698412698,0.0458619047619048,0.0271436507936508,0.00458888888888889,0.0117634920634921,0.017002380952381
"PSA_1","PSA_1",TRUE,0.66032380952381,0.0367746031746032,0.0635333333333333,0.0195746031746032,0.0380269841269841,0.0500103174603175,0.055365873015873,0.024581746031746,0.0355587301587302,0.01625
"PSA_1","PSA_1",TRUE,0.60377619047619,0.166838095238095,0.0465492063492063,0.00585555555555556,0.0564920634920635,0.0593349206349206,0.0330388888888889,0.00648412698412699,0.00773809523809524,0.0138928571428571
"PSA_1","PSA_1",TRUE,0.482560317460318,0.103455555555556,0.0802166666666667,0.0242134920634921,0.0790174603174603,0.0699976190476191,0.0489579365079365,0.0522928571428571,0.0375468253968254,0.0217412698412698
"PSA_1","PSA_2",FALSE,0.237579365079365,0.389376190476191,0.0887404761904762,0.0172428571428571,0.0500603174603175,0.0945150793650794,0.04895,0.0292246031746032,0.0264047619047619,0.0179063492063492
"PSA_1","PSA_1",TRUE,0.483370634920635,0.0803531746031746,0.121088888888889,0.0127920634920635,0.0594134920634921,0.0895761904761905,0.0574619047619047,0.0357388888888889,0.0398126984126984,0.0203920634920635
"PSA_1","PSA_1",TRUE,0.483370634920635,0.0803531746031746,0.121088888888889,0.0127920634920635,0.0594134920634921,0.0895761904761905,0.0574619047619047,0.0357388888888889,0.0398126984126984,0.0203920634920635
"PSA_1","PSA_1",TRUE,0.851676190476191,0.0185690476190476,0.0374087301587302,0.00769126984126984,0.025981746031746,0.0147619047619048,0.0191333333333333,0.00800476190476191,0.00977063492063492,0.00700238095238095
"PSA_1","PSA_1",TRUE,0.851676190476191,0.0185690476190476,0.0374087301587302,0.00769126984126984,0.025981746031746,0.0147619047619048,0.0191333333333333,0.00800476190476191,0.00977063492063492,0.00700238095238095
"PSA_1","PSA_1",TRUE,0.711417460317461,0.0534849206349206,0.072881746031746,0.0138746031746032,0.0158,0.0393690476190476,0.0281238095238095,0.0284595238095238,0.0180753968253968,0.0185134920634921
"PSA_1","PSA_1",TRUE,0.571306349206349,0.072318253968254,0.0690666666666666,0.0144809523809524,0.0376539682539682,0.0939626984126984,0.0599047619047619,0.033818253968254,0.0241015873015873,0.0233865079365079
"PSA_1","PSA_1",TRUE,0.794774603174603,0.0290325396825397,0.02755,0.01935,0.0180436507936508,0.0266722222222222,0.0247420634920635,0.0229634920634921,0.0210150793650794,0.0158563492063492
"PSA_1","PSA_1",TRUE,0.772699206349206,0.0320857142857143,0.0285952380952381,0.0181777777777778,0.0208126984126984,0.0279547619047619,0.0242412698412698,0.0307325396825397,0.0234507936507937,0.02125
"PSA_1","PSA_1",TRUE,0.737252380952381,0.0344603174603175,0.03945,0.0176055555555556,0.0253777777777778,0.0245015873015873,0.028497619047619,0.0430071428571429,0.0239325396825397,0.0259150793650794
"PSA_1","PSA_1",TRUE,0.731011904761905,0.0277238095238095,0.0277150793650794,0.0124849206349206,0.0188571428571429,0.0358428571428571,0.0316968253968254,0.0449468253968254,0.0436420634920635,0.0260785714285714
"PSA_1","PSA_1",TRUE,0.663311904761905,0.044097619047619,0.0346912698412698,0.022752380952381,0.0368134920634921,0.0490928571428571,0.0516833333333333,0.0417420634920635,0.0324571428571429,0.0233579365079365
"PSA_1","PSA_1",TRUE,0.695830158730159,0.0416357142857143,0.0387444444444444,0.0211206349206349,0.0360222222222222,0.0442269841269841,0.0348857142857143,0.0366071428571429,0.0304460317460317,0.0204809523809524
"PSA_1","PSA_1",TRUE,0.640080952380953,0.0640325396825397,0.0510698412698413,0.0240587301587302,0.0418722222222222,0.0432626984126984,0.0293031746031746,0.0472626984126984,0.0350436507936508,0.0240134920634921
"PSA_1","PSA_1",TRUE,0.689885714285714,0.0426174603174603,0.0188626984126984,0.0240055555555556,0.0260492063492063,0.0402015873015873,0.0429698412698413,0.0537309523809524,0.0371587301587301,0.024518253968254
"PSA_1","PSA_1",TRUE,0.669251587301587,0.0447095238095238,0.0453063492063492,0.0248555555555556,0.0294642857142857,0.042597619047619,0.0471087301587302,0.0295087301587302,0.0405079365079365,0.0266896825396825
"PSA_1","PSA_1",TRUE,0.67351746031746,0.0351539682539683,0.0238214285714286,0.0308904761904762,0.0482428571428571,0.0366888888888889,0.0419301587301587,0.0343793650793651,0.0419809523809524,0.0333944444444444
"PSA_1","PSA_1",TRUE,0.670360317460317,0.0246190476190476,0.0431015873015873,0.0176880952380952,0.0193103174603175,0.0340404761904762,0.0456865079365079,0.0436039682539683,0.0469579365079365,0.054631746031746
"PSA_1","PSA_1",TRUE,0.646057936507937,0.028015873015873,0.0372968253968254,0.0214928571428571,0.0212944444444444,0.0485428571428571,0.0464388888888889,0.0462563492063492,0.0383865079365079,0.0662174603174603
"PSA_1","PSA_1",TRUE,0.736501587301587,0.0171944444444444,0.0340103174603174,0.021434126984127,0.0225738095238095,0.0381055555555556,0.0324674603174603,0.0394293650793651,0.0291674603174603,0.029115873015873
"PSA_1","PSA_1",TRUE,0.710674603174603,0.0213738095238095,0.0410182539682539,0.0409722222222222,0.0261928571428571,0.0330126984126984,0.0308103174603175,0.0325571428571429,0.0236857142857143,0.0397023809523809
"PSA_1","PSA_1",TRUE,0.68495634920635,0.0357452380952381,0.0348984126984127,0.041915873015873,0.0315793650793651,0.0372150793650794,0.0374761904761905,0.0279952380952381,0.0302325396825397,0.0379857142857143
"PSA_1","PSA_1",TRUE,0.661409523809524,0.0477,0.0358190476190476,0.0419365079365079,0.0399349206349206,0.0401444444444444,0.0365269841269841,0.0396952380952381,0.0308238095238095,0.0260095238095238
"PSA_1","PSA_1",TRUE,0.767050793650794,0.021665873015873,0.026331746031746,0.0332619047619048,0.0274492063492063,0.0304849206349206,0.0295730158730159,0.0242230158730159,0.0210261904761905,0.0189333333333333
"PSA_1","PSA_8",FALSE,0.0856031746031747,0.133581746031746,0.080070634920635,0.0833603174603174,0.146456349206349,0.04335,0.0680412698412699,0.168570634920635,0.105093650793651,0.0858722222222222
"PSA_1","PSA_1",TRUE,0.682231746031746,0.0379595238095238,0.0953126984126985,0.0228769841269841,0.0295809523809524,0.0329174603174603,0.0352119047619048,0.0148492063492063,0.0280753968253968,0.020984126984127
"PSA_1","PSA_1",TRUE,0.800971428571428,0.0306309523809524,0.0504126984126984,0.0127968253968254,0.0242619047619048,0.0205738095238095,0.0173777777777778,0.0179277777777778,0.0185761904761905,0.00647063492063492
"PSA_1","PSA_3",FALSE,0.150286507936508,0.133930952380952,0.191256349206349,0.0304785714285714,0.162600793650794,0.121064285714286,0.0458960317460317,0.110197619047619,0.0285857142857143,0.0257031746031746
"PSA_1","PSA_6",FALSE,0.215480158730159,0.0981722222222222,0.105387301587302,0.0177563492063492,0.0716214285714286,0.216323015873016,0.138098412698413,0.0603460317460317,0.0394103174603175,0.0374047619047619
"PSA_10","PSA_2",FALSE,0.207665873015873,0.313809523809524,0.223294444444445,0.00359047619047619,0.00586666666666667,0.0337563492063492,0.0844214285714286,0.075484126984127,0.0349761904761905,0.0171349206349206
"PSA_10","PSA_10",TRUE,0.00768730158730159,0.0101039682539683,0.00978095238095238,0.00922857142857143,0.00907222222222222,0.151173015873016,0.160699206349206,0.160716666666667,0.0933698412698413,0.388168253968254
"PSA_10","PSA_6",FALSE,0.0335277777777778,0.0438468253968254,0.03275,0.0253261904761905,0.0298103174603175,0.192429365079365,0.182324603174603,0.17999126984127,0.123100793650794,0.156892857142857
"PSA_10","PSA_7",FALSE,0.00747539682539682,0.0186222222222222,0.0213809523809524,0.00556349206349206,0.0095547619047619,0.214838888888889,0.251319047619048,0.176109523809524,0.124607936507937,0.170527777777778
"PSA_10","PSA_10",TRUE,0.00863174603174603,0.0210642857142857,0.0141007936507937,0.00752063492063492,0.00811825396825397,0.166192063492064,0.172398412698413,0.113426984126984,0.104138095238095,0.38440873015873
"PSA_10","PSA_10",TRUE,0.016668253968254,0.0327468253968254,0.0353095238095238,0.00766587301587302,0.00635,0.174280158730159,0.182330158730159,0.200930158730159,0.139743650793651,0.203975396825397
"PSA_10","PSA_10",TRUE,0.0174706349206349,0.023618253968254,0.0253968253968254,0.00921111111111111,0.00897142857142857,0.145323015873016,0.140286507936508,0.163921428571429,0.109252380952381,0.356548412698412
"PSA_10","PSA_8",FALSE,0.0181230158730159,0.0231674603174603,0.0396007936507936,0.00873015873015873,0.0189912698412698,0.188294444444444,0.178796825396825,0.230280158730159,0.129633333333333,0.16438253968254
"PSA_10","PSA_5",FALSE,0.00535555555555556,0.0127944444444444,0.00481269841269841,0.222134920634921,0.324659523809524,0.0132238095238095,0.0410738095238095,0.0802373015873016,0.120438888888889,0.175269047619048
"PSA_10","PSA_10",TRUE,0.0158380952380952,0.0349730158730159,0.0307912698412698,0.0113642857142857,0.0151619047619048,0.162130158730159,0.196019841269841,0.189389682539683,0.0998166666666667,0.244515079365079
